q_f: 4.76387 6.20797 3.67837 3.91659 4.81957 4.31987 3.82959
F_e: -1.00155e-05     -3.88083   -0.0447161      4.79356     -1.18579     -1.09104  -0.00226132
F_f:  -0.338327   -3.83624  -0.347713    5.39704   -1.97721   -1.58013 -0.0458266
delta_F:  0.338317 0.0445894  0.302997  0.603478  0.791421  0.489088 0.0435652
q_f:   6.28312   6.12749   3.15115   3.99348 0.0248302   5.68581   1.58088
F_e: -2.93572e-05     -3.99643    0.0499606      6.76684    0.0142891     0.631817  0.000762582
F_f:  0.0270866   -5.42536  -0.239352    7.96996  -0.282245   0.891645 -0.0040244
delta_F:  0.0271159    1.42893   0.289313    1.20311   0.296534   0.259828 0.00478698
q_f:   6.28312   6.12749   3.15115   3.99348 0.0248302   5.68581   1.58088
F_e: -2.93572e-05     -3.99643    0.0499606      6.76684    0.0142891     0.631817  0.000762582
F_f: 0.00935185   -5.43059  -0.225107    7.98447  -0.274979   0.904455  0.0275039
delta_F: 0.00938121    1.43417   0.275067    1.21763   0.289268   0.272638  0.0267413
q_f:   6.28312   6.12749   3.15115   3.99348 0.0248302   5.68581   1.58088
F_e: -2.93572e-05     -3.99643    0.0499606      6.76684    0.0142892     0.631817  0.000762606
F_f:    0.0239707     -5.45186    -0.213822      7.97417    -0.273291     0.895819 -0.000971869
delta_F:  0.0240001    1.45543   0.263782    1.20732    0.28758   0.264002 0.00173447
q_f:   6.28312   6.12749   3.15115   3.99348 0.0248302   5.68581   1.58088
F_e: -2.93572e-05     -3.99643    0.0499606      6.76684    0.0142891     0.631817  0.000762582
F_f: 0.0103782  -5.45214 -0.232988   7.98502 -0.264636  0.894626 0.0156048
delta_F: 0.0104076   1.45572  0.282949   1.21817  0.278925  0.262809 0.0148422
q_f:   6.28312   6.12749   3.15115   3.99348 0.0248302   5.68581   1.58088
F_e: -2.93572e-05     -3.99643    0.0499606      6.76684    0.0142892     0.631817  0.000762606
F_f: 0.0188375  -5.43343 -0.247385    7.9571 -0.269022  0.896649 0.0203107
delta_F: 0.0188668   1.43701  0.297346   1.19026  0.283312  0.264832  0.019548
q_f:   6.28312   6.12749   3.15115   3.99348 0.0248302   5.68581   1.58088
F_e: -2.93572e-05     -3.99643    0.0499606      6.76684    0.0142892     0.631817  0.000762606
F_f: -0.00528783    -5.43767   -0.242647     7.94472   -0.264911    0.887686 -0.00295298
delta_F: 0.00525847    1.44125   0.292608    1.17787     0.2792   0.255869 0.00371558
q_f:   6.28312   6.12749   3.15115   3.99348 0.0248302   5.68581   1.58088
F_e: -2.93572e-05     -3.99643    0.0499606      6.76684    0.0142891     0.631817  0.000762582
F_f: 0.0131637   -5.4302  -0.24224   7.95002 -0.267282  0.904588 0.0106688
delta_F: 0.0131931   1.43378    0.2922   1.18318  0.281571  0.272771 0.0099062
q_f:   6.28312   6.12749   3.15115   3.99348 0.0248302   5.68581   1.58088
F_e: -2.93572e-05     -3.99643    0.0499606      6.76684    0.0142892     0.631817  0.000762606
F_f: 0.0228376  -5.45919 -0.214485   7.97261 -0.290835   0.90938 0.0202345
delta_F: 0.0228669   1.46277  0.264446   1.20576  0.305124  0.277563 0.0194719
q_f:   6.28312   6.12749   3.15115   3.99348 0.0248302   5.68581   1.58088
F_e: -2.93572e-05     -3.99643    0.0499606      6.76684    0.0142891     0.631817  0.000762582
F_f: 0.00362822   -5.45227   -0.20956    7.97882  -0.267674   0.896942  0.0093465
delta_F: 0.00365758    1.45585    0.25952    1.21197   0.281963   0.265125 0.00858392
q_f:   6.28312   6.12749   3.15115   3.99348 0.0248302   5.68581   1.58088
F_e: -2.93572e-05     -3.99643    0.0499606      6.76684    0.0142891     0.631817  0.000762582
F_f: 0.0218167  -5.45017 -0.219323   7.96099 -0.276869  0.899699 0.0140101
delta_F: 0.0218461   1.45374  0.269284   1.19414  0.291158  0.267882 0.0132475
q_f:   6.28312   6.12749   3.15115   3.99348 0.0248302   5.68581   1.58088
F_e: -2.93572e-05     -3.99643    0.0499606      6.76684    0.0142892     0.631817  0.000762606
F_f: 0.0350294  -5.44307 -0.240495   7.96478 -0.274719    0.8854 0.0106267
delta_F:  0.0350587    1.44664   0.290456    1.19794   0.289008   0.253583 0.00986411
q_f:   6.28312   6.12749   3.15115   3.99348 0.0248302   5.68581   1.58088
F_e: -2.93572e-05     -3.99643    0.0499606      6.76684    0.0142891     0.631817  0.000762582
F_f: 0.0268065  -5.44182 -0.239715    7.9483 -0.246522  0.894657 0.0151327
delta_F: 0.0268358    1.4454  0.289675   1.18145  0.260811   0.26284 0.0143702
q_f:   6.28312   6.12749   3.15115   3.99348 0.0248302   5.68581   1.58088
F_e: -2.93572e-05     -3.99643    0.0499606      6.76684    0.0142891     0.631817  0.000762582
F_f: -0.00495446     -5.4397   -0.227398     7.97853   -0.283392    0.905995  0.00769781
delta_F:  0.0049251    1.44327   0.277359    1.21168   0.297681   0.274178 0.00693522
q_f:   6.28312   6.12749   3.15115   3.99348 0.0248302   5.68581   1.58088
F_e: -2.93572e-05     -3.99643    0.0499606      6.76684    0.0142892     0.631817  0.000762606
F_f: 0.0279467  -5.46121 -0.205126   7.97651 -0.266413  0.892562 0.0311203
delta_F:  0.027976   1.46478  0.255087   1.20966  0.280702  0.260745 0.0303577
q_f:   6.28312   6.12749   3.15115   3.99348 0.0248302   5.68581   1.58088
F_e: -2.93572e-05     -3.99643    0.0499606      6.76684    0.0142892     0.631817  0.000762606
F_f: 0.0339191  -5.45792 -0.219847   7.94965  -0.27166  0.902102 0.0168207
delta_F: 0.0339485   1.46149  0.269808   1.18281  0.285949  0.270285 0.0160581
q_f:   6.28312   6.12749   3.15115   3.99348 0.0248302   5.68581   1.58088
F_e: -2.93572e-05     -3.99643    0.0499606      6.76684    0.0142892     0.631817  0.000762606
F_f: 0.0141434  -5.48868   -0.2141   7.96639 -0.259526  0.877115 0.0147096
delta_F: 0.0141728   1.49226   0.26406   1.19955  0.273816  0.245298  0.013947
q_f:   6.28312   6.12749   3.15115   3.99348 0.0248302   5.68581   1.58088
F_e: -2.93572e-05     -3.99643    0.0499606      6.76684    0.0142891     0.631817  0.000762582
F_f: 0.0366727  -5.47257 -0.231214   8.00317 -0.289199   0.89365  0.022413
delta_F: 0.0367021   1.47614  0.281175   1.23633  0.303489  0.261833 0.0216504
q_f:   6.28313   6.12749   3.15115   3.99348 0.0248349   5.68581   1.58086
F_e: -2.93578e-05     -3.99651    0.0499606       6.7668    0.0142932     0.631802  0.000762567
F_f:  0.0295682    -5.4638  -0.228686    7.94801  -0.280157   0.901053 -0.0107884
delta_F: 0.0295976   1.46729  0.278647    1.1812   0.29445  0.269251  0.011551
q_f:   6.28315   6.12754   3.15111   3.99347 0.0248797   5.68579   1.58075
F_e: -2.93616e-05     -3.99704    0.0499697       6.7665    0.0143318     0.631685  0.000762468
F_f:   0.0653245    -5.44031   -0.241083     7.96487   -0.250224    0.900795 -0.00658558
delta_F:  0.0653539    1.44327   0.291052    1.19837   0.264556    0.26911 0.00734805
q_f:   6.28294   6.12747   3.15138   3.99344 0.0245324    5.6858   1.58137
F_e: -2.93551e-05      -3.9961    0.0497972      6.76673    0.0140218      0.63178  0.000757557
F_f: -0.0385143    -5.5007  -0.178624    7.94321  -0.297459   0.878954  0.0346488
delta_F: 0.0384849    1.5046  0.228421   1.17648  0.311481  0.247174 0.0338912
q_f:   6.28163   6.12674   3.15326   3.99296 0.0231255   5.68602   1.58346
F_e:  -2.928e-05    -3.98553   0.0485326     6.76835   0.0126136    0.632554 0.000720634
F_f: -0.0723293   -5.71303  0.0853761    7.90008  -0.330288   0.927518   0.130779
delta_F:    0.0723    1.7275 0.0368434   1.13173  0.342902  0.294964  0.130058
q_f:   6.27958   6.12547   3.15613   3.99246 0.0207196   5.68631   1.58706
F_e: -2.91599e-05     -3.96863    0.0466484        6.773    0.0102598     0.634306  0.000661397
F_f: -0.157676  -5.44721  0.621468   7.68562 -0.353405  0.876434  0.248781
delta_F: 0.157647  1.47858  0.57482 0.912616 0.363665 0.242128  0.24812
q_f:   6.27678   6.12373   3.16006   3.99175 0.0173539   5.68662   1.59203
F_e: -2.89933e-05     -3.94511    0.0440218      6.77906   0.00696568     0.636509   0.00057714
F_f: -0.153533  -5.07874   1.12242   7.68014 -0.229173  0.913823  0.283131
delta_F: 0.153504  1.13363   1.0784 0.901087 0.236139 0.277314 0.282554
q_f:   6.27314   6.12154   3.16521   3.99095 0.0131919   5.68682   1.59855
F_e: -2.87869e-05      -3.9158    0.0404261      6.78679   0.00284765     0.639076  0.000478798
F_f: -0.239384  -5.11586  0.936246   7.57939 -0.141539  0.879781  0.138609
delta_F: 0.239355  1.20007  0.89582 0.792608 0.144387 0.240705 0.138131
q_f:    6.26875    6.11882    3.17145    3.98993 0.00812336    5.68689    1.60626
F_e: -2.8526e-05    -3.87864   0.0359411     6.79594 -0.00221133    0.641892 0.000352855
F_f: -0.286587  -4.92125   1.01148   7.92031 -0.180643   1.00632  0.205566
delta_F: 0.286558  1.04261  0.97554  1.12437 0.178431 0.364429 0.205213
q_f:    6.26366    6.11562    3.17866    3.98885 0.00226156    5.68682    1.61542
F_e: -2.82232e-05     -3.83526    0.0305747      6.80702  -0.00810121     0.645073  0.000211699
F_f: -0.418749  -4.76534  0.719765   7.74592 -0.270353  0.938808  0.222921
delta_F: 0.418721 0.930083 0.689191 0.938896 0.262252 0.293735 0.222709
q_f: 6.25783 6.11201 3.18708 3.98774 6.27887 5.68626 1.62599
F_e: -2.7881e-05    -3.78583   0.0239722     6.81934   -0.014828    0.648014  5.4676e-05
F_f: -0.417755  -4.88567  0.915199   7.43568 -0.374045   0.84913  0.232918
delta_F: 0.417727  1.09984 0.891227 0.616341 0.359217 0.201116 0.232863
q_f: 6.25127 6.10784 3.19652 3.98642 6.27131 5.68539 1.63776
F_e: -2.74821e-05     -3.72789    0.0162846      6.83284   -0.0226607     0.650848 -0.000135805
F_f: -0.391812  -4.59029  0.994337   7.77105 -0.326304   0.96056  0.169855
delta_F: 0.391784 0.862402 0.978052 0.938213 0.303643 0.309712  0.16999
q_f: 6.24303 6.10258 3.20841 3.98507 6.26214  5.6839 1.65269
F_e: -2.69875e-05     -3.65529   0.00602604      6.85068   -0.0323884     0.654111 -0.000360833
F_f: -0.0714697   -4.56787   0.809094    7.44566  -0.314367   0.934255   0.271899
delta_F: 0.0714427  0.912587  0.803068  0.594983  0.281978  0.280144  0.272259
q_f: 6.23501 6.09738 3.22002 3.98364 6.25326 5.68199  1.6672
F_e: -2.64907e-05     -3.58176   -0.0045382      6.86688   -0.0420426     0.656315 -0.000585259
F_f: -0.402519  -4.87177   1.01128   6.97289 -0.323129  0.806174  0.197856
delta_F: 0.402493  1.29001  1.01582  0.10601 0.281086 0.149859 0.198442
q_f: 6.22633 6.09171 3.23272 3.98233 6.24379 5.67946 1.68292
F_e: -2.59553e-05     -3.50164   -0.0167524      6.88486   -0.0526633     0.658177 -0.000830112
F_f: -0.351996  -4.47006  0.818761   7.55635 -0.467221   1.04654  0.333988
delta_F:  0.35197 0.968421 0.835514 0.671491 0.414558  0.38836 0.334818
q_f: 6.21699  6.0856 3.24638 3.98089 6.23353 5.67626     1.7
F_e: -2.53735e-05     -3.41364   -0.0305645      6.90291   -0.0644547     0.659092  -0.00110297
F_f: -0.337099  -4.21742  0.611902   7.28988 -0.258583  0.939459  0.160876
delta_F: 0.337074  0.80378 0.642466  0.38697 0.194128 0.280367 0.161979
q_f: 6.20704 6.07895 3.26109 3.97956 6.22281 5.67227 1.71821
F_e: -2.47453e-05     -3.31754   -0.0463159      6.92248   -0.0772725     0.659373  -0.00139667
F_f: -0.456426  -4.12415  0.828022   6.85023 -0.369837  0.777733  0.203201
delta_F:  0.456402   0.80661  0.874338 0.0722527  0.292565   0.11836  0.204598
q_f: 6.19646 6.07186 3.27672 3.97825 6.21156 5.66739 1.73763
F_e: -2.40761e-05     -3.21386   -0.0639712      6.94236   -0.0912513     0.658497  -0.00171563
F_f: -0.341781  -4.14249  0.601445   7.28101 -0.442908  0.988187   0.16461
delta_F: 0.341757  0.92863 0.665416 0.338655 0.351656  0.32969 0.166325
q_f: 6.18527 6.06428 3.29334 3.97692  6.1997 5.66183 1.75807
F_e: -2.33618e-05     -3.10175   -0.0837864      6.96273    -0.106564     0.656722  -0.00207027
F_f: -0.224844  -4.32578  0.816063   6.98506 -0.381883   0.78856  0.129219
delta_F:  0.224821   1.22403  0.899849 0.0223346  0.275319  0.131838   0.13129
q_f:  6.1735 6.05624 3.31096 3.97569 6.18746 5.65497 1.77987
F_e: -2.2604e-05    -2.98116   -0.105925     6.98278   -0.123195    0.653125 -0.00244949
F_f: -0.514926  -3.99779  0.648751   7.82336 -0.401481  0.931768  0.210865
delta_F: 0.514903  1.01663 0.754676 0.840576 0.278286 0.278643 0.213314
q_f: 6.16118 6.04774 3.32948 3.97456 6.17461 5.64719 1.80267
F_e: -2.18073e-05     -2.85252    -0.130418      7.00298    -0.141423     0.648216   -0.0028726
F_f: -0.515824  -3.89565  0.790541   8.02033 -0.419162   1.02456  0.166887
delta_F: 0.515802  1.04313 0.920959  1.01735 0.277739 0.376347 0.169759
q_f: 6.14836 6.03877  3.3489 3.97343 6.16155  5.6382 1.82651
F_e: -2.09651e-05     -2.71465    -0.157451      7.02217    -0.161073      0.64138  -0.00332726
F_f: -0.163857  -3.58345  0.992919   7.85988 -0.456659  0.941327   0.14746
delta_F: 0.163836 0.868802  1.15037 0.837712 0.295586 0.299946 0.150787
q_f: 6.13494 6.02928 3.36924 3.97257 6.14808  5.6281 1.85153
F_e: -2.00855e-05     -2.56821    -0.187277      7.04183    -0.182466     0.633137  -0.00381997
F_f: -0.406412   -3.5415  0.594221   7.81928 -0.534185  0.855822 0.0768965
delta_F:  0.406392  0.973298  0.781498  0.777441  0.351719  0.222685 0.0807165
q_f: 6.12098 6.01939 3.39055  3.9717 6.13416 5.61667 1.87749
F_e: -1.91674e-05     -2.41279    -0.219909      7.05918    -0.205823     0.622372  -0.00436904
F_f: -0.188053  -3.38901  0.670998   7.84119 -0.537017  0.837391  0.191766
delta_F: 0.188034 0.976211 0.890906  0.78201 0.331194 0.215019 0.196135
q_f: 6.10653 6.00902 3.41274 3.97098 6.12013 5.60385 1.90446
F_e: -1.82104e-05     -2.24805    -0.255538      7.07511       -0.231     0.609405  -0.00495857
F_f: -0.428856  -2.97193  0.990625   7.79509 -0.723422  0.886911  0.214232
delta_F: 0.428838 0.723878  1.24616  0.71998 0.492422 0.277506  0.21919
q_f: 6.09163 5.99816 3.43576 3.97054 6.10556 5.58962 1.93254
F_e: -1.72187e-05     -2.07434     -0.29418      7.08981    -0.258583     0.594179  -0.00561043
F_f: -0.383764  -3.27146  0.574063    7.9277 -0.625882  0.766872  0.225781
delta_F: 0.383746  1.19712 0.868243 0.837883 0.367298 0.172693 0.231391
q_f: 6.07624 5.98689 3.45969  3.9702 6.09095 5.57375 1.96151
F_e: -1.61932e-05     -1.89132    -0.335976      7.10116    -0.288297     0.575969  -0.00631592
F_f: -0.379714  -2.84474  0.686193   7.68022 -0.701499  0.765511 0.0492843
delta_F:  0.379698  0.953419   1.02217  0.579067  0.413202  0.189542 0.0556002
q_f: 6.06041 5.97513 3.48442 3.97012 6.07598 5.55643 1.99146
F_e: -1.51349e-05     -1.69886    -0.381018       7.1103    -0.320578     0.555307  -0.00708613
F_f: -0.319129   -2.5419  0.601178   7.82415 -0.646785  0.631429  0.110172
delta_F:  0.319114   0.84304  0.982196  0.713847  0.326206 0.0761222  0.117258
q_f: 6.04412 5.96291 3.51005 3.97013   6.061 5.53731 2.02235
F_e: -1.40394e-05     -1.49592    -0.429405       7.1151    -0.355342     0.531355  -0.00791889
F_f: -0.577415  -2.27333  0.671385   7.58648 -0.772082  0.614179 0.0776639
delta_F:  0.577401  0.777417   1.10079  0.471378   0.41674 0.0828243 0.0855828
q_f: 6.02744 5.95026 3.53647 3.97045 6.04577 5.51657  2.0541
F_e: -1.29206e-05      -1.2842    -0.481116      7.11629    -0.392895     0.504549  -0.00882277
F_f: -0.424814   -2.0514  0.625012   7.90401 -0.779314  0.623247   0.07079
delta_F:  0.424802  0.767199   1.10613   0.78772  0.386418  0.118698 0.0796128
q_f: 6.01032 5.93719 3.56367 3.97099  6.0305 5.49398 2.08672
F_e: -1.17763e-05     -1.06294    -0.536122      7.11249     -0.43321     0.474445  -0.00979565
F_f: -0.552625  -2.24582  0.351483   8.12718 -0.863607  0.568699 0.0245984
delta_F:  0.552613   1.18289  0.887605   1.01469  0.430397 0.0942543  0.034394
q_f: 5.99283 5.92358 3.59171 3.97195 6.01508 5.46949 2.12026
F_e: -1.06027e-05    -0.831139      -0.5949      7.10435    -0.476628     0.441372   -0.0108411
F_f: -0.266624  -1.67627  0.122013   7.95093 -0.824483  0.409862 0.0864091
delta_F:  0.266613  0.845129  0.716913  0.846578  0.347855 0.0315105 0.0972502
q_f: 5.97496 5.90956 3.62055   3.973 5.99985 5.44295 2.15461
F_e: -9.40307e-06    -0.588999    -0.656958      7.08897     -0.52279     0.404574   -0.0119552
F_f:  -0.706928   -1.73245 0.00793898    8.72128   -1.00911   0.537455   0.081797
delta_F:  0.706918   1.14345  0.664897   1.63231  0.486321  0.132881 0.0937522
q_f: 5.95677 5.89508 3.65001 3.97449 5.98428 5.41445 2.18976
F_e: -8.1864e-06   -0.337697   -0.722243     7.06775   -0.572265    0.364647  -0.0131495
F_f:   -0.699387   -0.969616 -0.00966476     8.45594   -0.992913    0.522531  -0.0223844
delta_F:   0.699378   0.631919   0.712578    1.38819   0.420649   0.157884 0.00923486
q_f:  5.9382 5.88014 3.68048 3.97621   5.969 5.38379 2.22575
F_e: -6.9469e-06  -0.0751076    -0.79147      7.0384   -0.624575    0.321262   -0.014408
F_f:  -0.695804  -0.663715 -0.0546401    8.27177   -1.11618   0.379874   -0.16836
delta_F:  0.695798  0.588607   0.73683   1.23337  0.491601 0.0586126  0.153952
q_f: 5.91931 5.86479  3.7116 3.97836 5.95368 5.35093 2.26249
F_e: -5.69762e-06     0.196717    -0.863926      7.00116     -0.67984     0.274693   -0.0157313
F_f:  -0.757911  -0.320558 -0.0914344    8.40508   -1.27718   0.310714 -0.0889397
delta_F:  0.757906  0.517275  0.772492   1.40392  0.597342 0.0360212 0.0732084
q_f: 5.89769 5.84704  3.7474 3.98105 5.93658 5.31132 2.30473
F_e: -4.27586e-06     0.514598    -0.949086      6.94804    -0.745134     0.218479   -0.0172862
F_f: -0.510391   -0.2119 -0.383507   8.16788  -1.35972  0.163205 -0.216239
delta_F:  0.510387  0.726498  0.565579   1.21984  0.614586 0.0552744  0.198953
q_f: 5.87816 5.83103  3.7798  3.9837 5.92132 5.27408 2.34293
F_e: -3.02242e-06     0.804677     -1.02739      6.89046    -0.805496     0.165619    -0.018714
F_f: -0.822156  0.166037 -0.409473   8.35894  -1.40519 0.0635356 -0.151348
delta_F: 0.822153  0.63864 0.617915  1.46848 0.599696 0.102083 0.132634
q_f: 5.85833 5.81508 3.81241 3.98633 5.90627 5.23497 2.38164
F_e: -1.7983e-06     1.09833    -1.10639     6.82167   -0.866942    0.110024  -0.0201617
F_f:   -1.02006   0.496057   -0.60535    7.96111   -1.57429 -0.0583307  -0.200961
delta_F:  1.02006 0.602276 0.501045  1.13944  0.70735 0.168355   0.1808
q_f: 5.83822 5.79948 3.84501  3.9888 5.89089 5.19464 2.42068
F_e: -6.35392e-07       1.3905     -1.18466      6.74211    -0.928963    0.0522914   -0.0216212
F_f: -0.524915  0.789483 -0.575223   8.55993  -1.63917    0.1246 -0.226171
delta_F:  0.524914  0.601019   0.60944   1.81781  0.710208 0.0723086   0.20455
q_f: 5.81782 5.78459 3.87733 3.99083 5.87539 5.15332 2.45996
F_e: 4.40336e-07     1.67639    -1.26016     6.65133   -0.990223 -0.00739993  -0.0230659
F_f: -0.836909   1.14692 -0.636136   8.41059  -1.69197 -0.108892 -0.310301
delta_F: 0.836909 0.529474 0.624024  1.75926 0.701747 0.101492 0.287235
q_f: 5.79714 5.77043 3.90911 3.99237 5.85946 5.11138 2.49923
F_e: 1.42165e-06     1.95418    -1.33193     6.55113    -1.05022  -0.0681304  -0.0244798
F_f: -0.866139   1.43614 -0.710098   8.19946  -1.70396 -0.263527 -0.102696
delta_F:   0.86614  0.518046  0.621835   1.64833  0.653743  0.195397 0.0782163
q_f: 5.77618 5.75747 3.94013 3.99315 5.84335 5.06906 2.53868
F_e: 2.27407e-06     2.21749     -1.3977     6.44157    -1.10745   -0.129811  -0.0258309
F_f: -0.681196   1.89359 -0.775559   7.86884  -1.96841   -0.1836 -0.279845
delta_F:  0.681199  0.323902  0.622145   1.42727  0.860966 0.0537888  0.254014
q_f: 5.75503 5.74593 3.96998 3.99318 5.82664 5.02692 2.57782
F_e: 2.9771e-06    2.46129   -1.45592    6.32556   -1.16133  -0.191442 -0.0271065
F_f: -0.947999   1.80249 -0.953459   7.65731  -1.81248 -0.546018 -0.166648
delta_F: 0.948002 0.658794 0.502458  1.33175  0.65115 0.354576 0.139542
q_f: 5.73348 5.73605 3.99869 3.99167  5.8096 4.98488 2.61674
F_e: 3.52845e-06     2.68354    -1.50396      6.2012    -1.21078    -0.25405  -0.0283182
F_f: -0.967648   2.22054 -0.824569   7.55915   -2.1884 -0.628938 -0.208638
delta_F: 0.967652 0.463003 0.679392  1.35795 0.977629 0.374888  0.18032
q_f: 5.71176 5.72807 4.02586 3.98903 5.79183 4.94358 2.65528
F_e: 3.90339e-06     2.87849    -1.54141     6.07317    -1.25536   -0.316014  -0.0294302
F_f: -0.840497    2.6853  -1.00791   6.94361  -1.97944 -0.608919 -0.127979
delta_F:  0.840501   0.19319    0.5335  0.870436  0.724079  0.292905 0.0985489
q_f: 5.68973 5.72205 4.05128  3.9851 5.77351 4.90318 2.69332
F_e: 4.10259e-06      3.0447    -1.56731     5.94292    -1.29448      -0.377  -0.0304333
F_f:  -1.05597   2.91388 -0.873431   6.22287  -2.36745 -0.717368  0.010878
delta_F:   1.05598  0.130819  0.693876   0.27995   1.07297  0.340368 0.0413113
q_f: 5.66745 5.71779 4.07494 3.97983 5.75467 4.86389 2.73122
F_e: 4.14892e-06     3.18424    -1.58215     5.81188    -1.32811   -0.436402  -0.0313035
F_f:  -1.11304   2.71691 -0.639024   5.60368  -2.25347  -1.07787 -0.134223
delta_F:  1.11305 0.467331  0.94313 0.208197 0.925363 0.641472  0.10292
q_f: 5.64485 5.71527  4.0966 3.97308 5.73519 4.82596 2.76874
F_e: 4.05113e-06     3.29647     -1.5855      5.6814    -1.35623     -0.4939  -0.0320424
F_f: -0.835804   2.63284 -0.973678    5.7603  -2.35902  -1.09658 -0.062862
delta_F:  0.835809  0.663633  0.611821 0.0788998    1.0028  0.602679 0.0308196
q_f: 5.62196 5.71454 4.11616 3.96506 5.71527 4.78958 2.80638
F_e: 3.80893e-06      3.3801    -1.57783     5.55338    -1.37868    -0.54897  -0.0326176
F_f:  -0.939537    2.82543  -0.736168     5.1611   -2.36914   -1.12574 -0.0308735
delta_F:   0.939541   0.554672   0.841658   0.392275    0.99046    0.57677 0.00174405
q_f: 5.59871 5.71513 4.13359 3.95567 5.69482 4.75496 2.84395
F_e: 3.46412e-06     3.44072    -1.56044     5.42837    -1.39613   -0.601134  -0.0330301
F_f:   -1.00386    3.02441  -0.525479    5.33204   -2.39532  -0.953787 -0.0143665
delta_F:   1.00387  0.416309   1.03496 0.0963276  0.999189  0.352653 0.0186636
q_f: 5.57522 5.71775 4.14865  3.9448 5.67384 4.72238 2.88126
F_e: 2.98592e-06     3.46926    -1.53132     5.30679    -1.40805   -0.651205  -0.0333079
F_f:  -1.04339     3.328 -0.696777   5.07451  -2.51498  -1.25052 0.0976509
delta_F:  1.04339 0.141258  0.83454 0.232273  1.10693 0.599318 0.130959
q_f: 5.55123 5.72175 4.16119 3.93258 5.65245 4.69188 2.91903
F_e: 2.41748e-06     3.47308    -1.49257     5.18984    -1.41527   -0.698402  -0.0334096
F_f:  -0.930005    4.20415  -0.659395    4.46132   -2.44059   -1.19139 -0.0746355
delta_F: 0.930008 0.731071 0.833171 0.728523  1.02533 0.492986 0.041226
q_f: 5.52692 5.72722 4.17117 3.91907 5.63052 4.66367 2.95686
F_e: 1.77164e-06     3.45113     -1.4445     5.07775    -1.41812   -0.742982  -0.0333638
F_f:  -1.01873   4.12854 -0.437374   4.42746  -2.52024  -1.41608 0.0251742
delta_F:  1.01873 0.677407  1.00713 0.650294  1.10212 0.673099 0.058538
q_f: 5.50224 5.73407 4.17858 3.90451 5.60796 4.63757 2.99477
F_e: 1.06139e-06     3.40481    -1.38842     4.97093    -1.41713   -0.785013  -0.0331779
F_f: -0.926592    3.8894 -0.392529   4.49303    -2.324  -1.46049 0.0103568
delta_F:  0.926593  0.484589  0.995891  0.477904  0.906864  0.675479 0.0435347
q_f: 5.47724 5.74229 4.18335 3.88943 5.58481 4.61345 3.03271
F_e: 2.91948e-07     3.33464    -1.32608     4.87107     -1.4128   -0.824254  -0.0328527
F_f:  -1.09478   3.49062 -0.648763   4.06606   -2.5691  -1.47435 0.0534334
delta_F:   1.09479  0.155985  0.677319  0.805006    1.1563  0.650094 0.0862861
q_f: 5.45191 5.75191 4.18549   3.874 5.56094 4.59123  3.0704
F_e: -5.29218e-07      3.24059     -1.25833      4.77809     -1.40548    -0.861052   -0.0324181
F_f: -1.19595  3.60304 -0.51426  3.85271 -2.28601 -1.57075 0.158443
delta_F:  1.19595 0.362454 0.744066 0.925381 0.880539 0.709693 0.190861
q_f: 5.42626 5.76271 4.18517 3.85857 5.53607 4.57072 3.10847
F_e: -1.3868e-06     3.12561    -1.18729     4.69266     -1.3959   -0.895207  -0.0318467
F_f:  -0.55021    3.6442 -0.503078   3.92184  -2.29794  -1.51219 0.0297896
delta_F:  0.550208  0.518586  0.684214  0.770817  0.902043  0.616986 0.0616364
q_f: 5.40025 5.77473 4.18157 3.84345 5.51039  4.5517 3.14624
F_e: -2.27113e-06      2.98812     -1.11275      4.61714     -1.38427    -0.926685   -0.0311717
F_f:   -0.8577   3.29996 -0.933693   3.96427  -2.21708  -1.63647 0.0228173
delta_F:  0.857698  0.311842  0.179053  0.652868  0.832808  0.709785 0.0539891
q_f: 5.37063 5.78963 4.17432 3.82719 5.48028   4.532 3.18859
F_e: -3.2922e-06     2.80909     -1.0275      4.5431     -1.3694   -0.959125  -0.0302925
F_f: -0.884606   3.62099  -1.26391   3.73599  -2.20238  -1.56253 0.0894662
delta_F: 0.884603 0.811901 0.236413 0.807118 0.832976 0.603406 0.119759
q_f: 5.34398 5.80405  4.1648 3.81376 5.45236 4.51594 3.22598
F_e: -4.21701e-06      2.62806    -0.951459      4.48838     -1.35506    -0.985274   -0.0294131
F_f:  -1.02628   3.06391 -0.951414   3.68032   -2.1779  -1.57263  0.122532
delta_F:     1.02628    0.435841 4.58278e-05    0.808062    0.822841    0.587358    0.151946
q_f: 5.31704 5.81945 4.15269 3.80151 5.42355 4.50096 3.26302
F_e: -5.145e-06    2.42882   -0.87651    4.44329   -1.33995    -1.0091 -0.0284576
F_f: -0.819092   3.17448  -1.20773   3.70788  -2.34308   -1.6318 0.0491734
delta_F: 0.819086 0.745666 0.331216 0.735414  1.00313 0.622697 0.077631
q_f: 5.29006 5.83568 4.13816 3.79045 5.39377 4.48722 3.29957
F_e: -6.05473e-06      2.21318    -0.803337      4.40716     -1.32446     -1.03076   -0.0274399
F_f:  -1.00249   2.53073 -0.946596   3.37146  -2.14293  -1.74476 0.0703026
delta_F:   1.00248  0.317545  0.143259   1.03569  0.818472     0.714 0.0977425
q_f:   5.263 5.85244 4.12159 3.78056  5.3636 4.47442 3.33573
F_e: -6.92184e-06      1.98603    -0.732776      4.37809     -1.30867     -1.05051   -0.0263662
F_f: -0.874966   2.45916  -1.12287    3.9491  -2.20685  -1.73155 0.0384836
delta_F:  0.874959  0.473131  0.390098  0.428997   0.89818  0.681042 0.0648498
q_f: 5.23612 5.86987 4.10335 3.77188 5.33289 4.46257   3.371
F_e: -7.74542e-06      1.74612    -0.665116      4.35473     -1.29265     -1.06876   -0.0252773
F_f: -0.882264   2.14535  -0.77368   3.17692   -2.0336  -1.83644  0.113049
delta_F: 0.882257 0.399228 0.108565  1.17782 0.740947  0.76768 0.138326
q_f: 5.20946 5.88758 4.08374  3.7645 5.30229 4.45156  3.4054
F_e: -8.50544e-06      1.49876    -0.601265      4.33641     -1.27671     -1.08541   -0.0241717
F_f: -0.434318   2.00323 -0.745247   3.60848  -2.19969  -1.76717 0.0803798
delta_F:  0.43431 0.504471 0.143982 0.727925 0.922982 0.681755 0.104551
q_f: 5.18319 5.90541  4.0632 3.75828 5.27179 4.44151  3.4386
F_e: -9.19061e-06      1.24654    -0.541549      4.32187     -1.26104     -1.10063   -0.0230717
F_f: -0.724598   1.50081 -0.980945   3.42382  -2.03283  -1.71349  0.172389
delta_F: 0.724589 0.254269 0.439395 0.898052 0.771789 0.612862 0.195461
q_f: 5.15737 5.92328 4.04196 3.75341 5.24176 4.43211 3.47064
F_e: -9.80309e-06     0.990698    -0.486303      4.31097     -1.24581     -1.11438   -0.0219762
F_f: -0.727089   1.41553 -0.461143   3.68859  -1.98175  -1.89792 0.0935007
delta_F:  0.727079  0.424832 0.0251595  0.622384  0.735942   0.78354  0.115477
q_f: 5.13218 5.94096 4.02045 3.74988 5.21225 4.42334 3.50114
F_e: -1.03393e-05     0.734279    -0.435892      4.30337     -1.23129     -1.12658   -0.0209006
F_f: -0.683502   1.03371 -0.692415    3.6097  -1.88759   -1.8439  0.170087
delta_F: 0.683492  0.29943 0.256523 0.693667 0.656293 0.717311 0.190987
q_f: 5.10773 5.95834 3.99902 3.74762 5.18376 4.41521 3.53035
F_e: -1.07985e-05     0.479487     -0.39028      4.29816     -1.21754     -1.13743   -0.0198395
F_f: -0.627846   1.10448 -0.816321   3.30128  -1.76163  -1.83895  0.138695
delta_F: 0.627835 0.624991 0.426041 0.996883 0.544082  0.70152 0.158534
q_f: 5.08413 5.97517 3.97794 3.74682 5.15636 4.40754 3.55771
F_e: -1.11883e-05     0.228992     -0.34981       4.2967     -1.20504     -1.14649   -0.0188035
F_f: -0.103352  0.875115 -0.129118   3.58534  -1.90166  -1.75338     0.155
delta_F: 0.103341 0.646123 0.220692 0.711358  0.69662 0.606893 0.173804
q_f: 5.06161 5.99139 3.95756 3.74706 5.13026 4.40044 3.58322
F_e: -1.15041e-05   -0.0151839    -0.313838      4.29686     -1.19354     -1.15426   -0.0178124
F_f: -0.570615  0.428525 -0.579694   3.64747  -1.80982   -1.8987  0.192685
delta_F: 0.570603 0.443709 0.265856 0.649394 0.616285 0.744441 0.210497
q_f: 5.03988 6.00692 3.93807 3.74894 5.10558 4.39363 3.60691
F_e: -1.17772e-05    -0.253307    -0.282866      4.30182     -1.18371     -1.16005   -0.0168343
F_f: -0.565766  0.129277 -0.730233   4.08263  -1.76423  -1.92864 0.0782982
delta_F:  0.565754  0.382583  0.447366  0.219192   0.58052  0.768592 0.0951325
q_f: 5.01924 6.02177  3.9193 3.75186 5.08235 4.38739 3.62888
F_e: -1.19913e-05    -0.484887    -0.255491      4.30934     -1.17516     -1.16457    -0.015892
F_f: -0.126071 -0.140043 -0.386756   4.34487  -2.05303  -1.80264  0.221651
delta_F:  0.126059  0.344844  0.131265 0.0355339  0.877868  0.638068  0.237543
q_f: 4.99956 6.03587 3.90147 3.75574  5.0604 4.38137 3.64903
F_e: -1.21545e-05    -0.708216    -0.231564      4.31936     -1.16788     -1.16767   -0.0149847
F_f: -0.515241 -0.425637  -0.61173   4.74592   -1.8197  -1.67373 0.0845183
delta_F: 0.515229 0.282578 0.380166 0.426566 0.651819 0.506058 0.099503
q_f: 4.98084 6.04941 3.88423 3.76052 5.03967 4.37581 3.66784
F_e: -1.22704e-05    -0.926646    -0.210184      4.33191      -1.1618     -1.16971   -0.0141002
F_f: -0.567694 -0.606517 -0.256325   4.54636  -1.71689  -1.82574  0.120214
delta_F:  0.567682  0.320129 0.0461411  0.214451  0.555093  0.656024  0.134314
q_f: 4.96308 6.06224 3.86792 3.76598 5.02039 4.37061 3.68508
F_e: -1.2342e-05    -1.13664   -0.191341     4.34614    -1.15681    -1.17077  -0.0132544
F_f: -0.437483  -1.08003 -0.659272   5.12905  -1.95953  -2.00052  0.125375
delta_F:  0.437471 0.0566135  0.467931  0.782913  0.802715  0.829753  0.138629
q_f: 4.94621 6.07443 3.85237 3.77212 5.00202 4.36576 3.70093
F_e: -1.23771e-05     -1.34018    -0.174631      4.36273     -1.15297     -1.17075   -0.0124339
F_f: -0.485849 -0.941172 -0.176412   5.08994  -1.82487  -1.85398  0.136294
delta_F:   0.485837   0.399004 0.00178104   0.727218   0.671904   0.683228   0.148728
q_f: 4.93029 6.08599 3.83756 3.77885 4.98498 4.36129 3.71539
F_e: -1.23781e-05     -1.53661    -0.159754      4.38119     -1.15017      -1.1699   -0.0116483
F_f: -0.285273   -1.1561 -0.528108   5.19676  -2.02609  -1.79614 0.0562995
delta_F:  0.285261  0.380504  0.368353  0.815568  0.875919  0.626236 0.0679478
q_f: 4.91525  6.0969 3.82359 3.78591 4.96899 4.35707 3.72862
F_e: -1.23456e-05     -1.72478    -0.146468      4.40056     -1.14817     -1.16835   -0.0108955
F_f:  -0.36923  -1.76953 -0.201362   5.43412  -1.83806  -1.82352  0.129768
delta_F:  0.369218 0.0447503 0.0548943   1.03356  0.689888  0.655168  0.140663
q_f: 4.90109  6.1072 3.81039 3.79331 4.95412 4.35321 3.74074
F_e: -1.22871e-05     -1.90535    -0.134603      4.42115     -1.14701     -1.16618    -0.010172
F_f:  -0.38608  -1.64844 -0.538903   5.45806  -1.99755  -1.81464 0.0962967
delta_F: 0.386068 0.256905   0.4043  1.03691 0.850533 0.648464 0.106469
q_f: 4.88778 6.11686 3.79787 3.80097  4.9402 4.34968 3.75161
F_e: -1.22034e-05      -2.0779     -0.12396        4.443     -1.14666     -1.16337  -0.00948502
F_f: -0.532198  -1.81278 -0.569834   5.47466  -1.95304  -1.76446 0.0510164
delta_F:  0.532186  0.265121  0.445873   1.03166  0.806379  0.601097 0.0605014
q_f: 4.87536 6.12596 3.78621 3.80877  4.9274 4.34633 3.76158
F_e: -1.21044e-05     -2.24247    -0.114457      4.46498     -1.14682     -1.16017  -0.00882748
F_f: -0.362558  -2.35225 -0.155751   5.53025  -2.11697  -1.67079  0.136651
delta_F:  0.362545   0.10978 0.0412934   1.06527  0.970149   0.51062  0.145478
q_f:  4.8637 6.13444 3.77514 3.81663 4.91541 4.34333 3.77057
F_e: -1.19846e-05     -2.39874    -0.105869      4.48781     -1.14762     -1.15653  -0.00820061
F_f: -0.159046  -2.24108 -0.555081   5.78249  -1.85525    -1.824 0.0953739
delta_F: 0.159034 0.157659 0.449211  1.29468  0.70763 0.667476 0.103574
q_f: 4.85153  6.1433 3.76367 3.82552 4.90316 4.34016 3.77958
F_e: -1.18401e-05     -2.56447   -0.0973479      4.51369     -1.14908     -1.15203  -0.00753423
F_f:   -0.42122    -2.3058  -0.388277     5.2366   -1.91445    -1.8358 0.00987205
delta_F:  0.421208  0.258666  0.290929  0.722914  0.765373  0.683772 0.0174063
q_f: 4.84156 6.15057 3.75415 3.83329 4.89315 4.33767 3.78659
F_e: -1.16997e-05     -2.70258   -0.0905557      4.53662     -1.15078     -1.14782  -0.00698538
F_f: -0.545081  -2.37718 -0.342837    5.4367  -1.95791  -1.87038 0.0949144
delta_F: 0.545069 0.325402 0.252281  0.90008 0.807125 0.722562   0.1019
q_f: 4.83233 6.15737 3.74542 3.84094 4.88401 4.33534 3.79298
F_e: -1.15589e-05      -2.8331   -0.0844855      4.55897     -1.15269     -1.14353   -0.0064644
F_f: -0.0382063   -3.07621  -0.561959    5.58143    -1.9349   -1.82301  0.0813569
delta_F: 0.0381948  0.243114  0.477473   1.02246  0.782205  0.679477 0.0878213
q_f: 4.82382 6.16354 3.73723 3.84834 4.87567 4.33332 3.79856
F_e: -1.14094e-05     -2.95374    -0.079038      4.58125     -1.15495      -1.1391  -0.00597988
F_f:  -0.454901   -2.63212  -0.424502    5.76787   -1.98843   -1.66532 -0.0745822
delta_F:   0.45489  0.321618  0.345464   1.18662  0.833482  0.526216 0.0686023
q_f: 4.81602 6.16932 3.72974 3.85551 4.86809 4.33138  3.8035
F_e: -1.12642e-05     -3.06737   -0.0741346      4.60246     -1.15723     -1.13473  -0.00553103
F_f: -0.247925   -2.7905 -0.167848   5.32148  -1.95726  -1.69208 0.0614311
delta_F:  0.247914  0.276863 0.0937131  0.719019  0.800028  0.557352 0.0669621
q_f: 4.80894 6.17452 3.72286 3.86246 4.86127 4.32974 3.80785
F_e: -1.11227e-05     -3.17181   -0.0698278      4.62368     -1.15983     -1.13026   -0.0051076
F_f: -0.341106  -2.88692 -0.188912   5.50795  -2.09451   -1.6771 0.0161121
delta_F:  0.341095   0.28489  0.119084  0.884269  0.934678  0.546841 0.0212197
q_f: 4.80245 6.17927 3.71664 3.86888 4.85502 4.32822 3.81158
F_e: -1.09833e-05     -3.26767   -0.0659666      4.64306     -1.16224     -1.12605  -0.00473017
F_f:  -0.14678  -3.04722 -0.585709    5.5118  -1.92982  -1.64465 0.0146564
delta_F:  0.146769  0.220443  0.519742  0.868734  0.767579  0.518602 0.0193866
q_f: 4.79661 6.18358 3.71099 3.87514  4.8495 4.32686 3.81492
F_e: -1.0855e-05    -3.35619  -0.0625891     4.66232    -1.16488    -1.12179 -0.00436894
F_f: -0.139411    -3.181 -0.458755   5.61827  -1.97335   -1.6652 0.0454372
delta_F:    0.1394  0.175187  0.396166  0.955943  0.808475  0.543416 0.0498061
q_f: 4.79136 6.18744 3.70587 3.88088 4.84454 4.32567 3.81767
F_e: -1.07311e-05     -3.43595   -0.0595885      4.68005     -1.16737     -1.11779  -0.00405121
F_f: -0.399326  -3.50129 -0.380717   5.63059  -1.95367  -1.67776 0.0987456
delta_F:  0.399315 0.0653398  0.321128  0.950543  0.786302  0.559972  0.102797
q_f: 4.78675 6.19091 3.70128 3.88621 4.84019 4.32467 3.82008
F_e: -1.0618e-05     -3.5085  -0.0569354     4.69655    -1.16979    -1.11406 -0.00376234
F_f: -0.401784  -3.61496 -0.433715   5.53206  -2.03838  -1.69607  0.117569
delta_F: 0.401773 0.106455 0.376779 0.835507 0.868591 0.582007 0.121332
q_f: 4.78263 6.19399 3.69732  3.8911 4.83643 4.32375 3.82209
F_e: -1.05176e-05     -3.57328   -0.0546671      4.71156     -1.17205      -1.1106  -0.00350645
F_f: -0.351667  -3.56745 -0.205636   5.54557  -2.06619  -1.69736  0.104725
delta_F:   0.351657 0.00583477   0.150969   0.834004    0.89414   0.586763   0.108232
q_f: 4.77899 6.19661 3.69369 3.89549 4.83309 4.32301  3.8238
F_e: -1.04206e-05     -3.62956   -0.0526977      4.72563     -1.17427     -1.10731  -0.00327367
F_f:  -0.41119  -3.59491 -0.119638   5.84597  -2.20735  -1.75235  0.069686
delta_F:   0.41118 0.0346509 0.0669399   1.12033   1.03308  0.645046 0.0729596
q_f: 4.77587 6.19891 3.69065 3.89947 4.83036 4.32234 3.82516
F_e: -1.03403e-05     -3.67929   -0.0510407      4.73812     -1.17629     -1.10438   -0.0030743
F_f: -0.362204   -3.7309 -0.259697   5.95323  -2.22554  -1.72617  0.044578
delta_F:  0.362194 0.0516117  0.208657   1.21511   1.04925  0.621789 0.0476523
q_f: 4.77321 6.20096   3.688  3.9029 4.82791 4.32175 3.82628
F_e: -1.02685e-05     -3.72298   -0.0495734      4.74872     -1.17797     -1.10186  -0.00290682
F_f: -0.289333  -3.52439 -0.537818   5.43349  -2.21357  -1.62252 0.0235298
delta_F:  0.289323  0.198587  0.488244  0.684771    1.0356  0.520657 0.0264366
q_f: 4.77091 6.20258 3.68571 3.90597  4.8259 4.32129 3.82716
F_e: -1.02057e-05     -3.75922   -0.0484121       4.7588     -1.17969     -1.09943  -0.00275499
F_f:  -0.035086   -3.71302  -0.492236    5.53798   -2.12703   -1.64972 -0.0136627
delta_F: 0.0350758  0.046195  0.443824  0.779173  0.947342  0.550286 0.0109077
q_f: 4.76902 6.20401 3.68385  3.9086 4.82418 4.32092 3.82789
F_e: -1.01561e-05     -3.79075   -0.0474303      4.76723     -1.18112     -1.09742  -0.00262867
F_f: -0.0788002   -3.64604    -0.6773    5.70514   -1.95566   -1.63876  0.0243073
delta_F:   0.07879  0.144717   0.62987  0.937905  0.774544  0.541343 0.0269359
q_f: 4.76752 6.20512 3.68241 3.91073 4.82286 4.32062 3.82845
F_e: -1.01175e-05     -3.81558   -0.0466842      4.77414     -1.18231     -1.09575  -0.00252712
F_f:  -0.101611   -3.82015  -0.683079    5.94806   -2.07092   -1.70423 -0.0217539
delta_F:   0.101601 0.00457066   0.636394    1.17392   0.888608   0.608477  0.0192267
q_f: 4.76635 6.20604 3.68118 3.91253 4.82181 4.32038 3.82886
F_e: -1.00862e-05     -3.83618   -0.0460614         4.78     -1.18334     -1.09433  -0.00244358
F_f:  0.0388377   -3.77118  -0.493736    5.81887    -2.0237   -1.58114 -0.0170133
delta_F: 0.0388478 0.0649988  0.447674   1.03887  0.840364  0.486808 0.0145698
q_f: 4.76542 6.20667 3.68024 3.91388 4.82101 4.32021 3.82913
F_e: -1.00598e-05     -3.85093   -0.0456187       4.7846     -1.18417     -1.09321  -0.00238075
F_f: -0.000587106     -3.81557    -0.395219      5.77009     -2.01735     -1.58443   -0.0383762
delta_F: 0.000577046   0.0353606    0.349601    0.985488    0.833185    0.491217   0.0359954
q_f: 4.76476 6.20726 3.67967 3.91491 4.82042 4.32008 3.82933
F_e: -1.0047e-05    -3.86352  -0.0452743     4.78764    -1.18468    -1.09249 -0.00233887
F_f:  -0.305258   -3.86838  -0.569275    5.62268   -1.93735    -1.5962 -0.0548013
delta_F:   0.305248 0.00485111   0.524001   0.835041   0.752668   0.503705  0.0524624
q_f: 4.76429 6.20756 3.67908 3.91563 4.82005    4.32 3.82945
F_e: -1.00302e-05       -3.871    -0.045025      4.79023     -1.18517     -1.09187  -0.00230506
F_f:  -0.308205   -3.83094  -0.499428    5.61525   -1.99931   -1.60036 -0.0317239
delta_F:  0.308195 0.0400628  0.454403  0.825024  0.814136  0.508487 0.0294189
q_f: 4.76403 6.20771 3.67873 3.91609 4.81977 4.31994 3.82953
F_e: -1.00208e-05     -3.87505   -0.0449052      4.79206     -1.18552     -1.09138  -0.00227998
F_f:  -0.370703   -3.86711  -0.547985    5.51568   -2.00241   -1.58865 -0.0405216
delta_F:   0.370692 0.00793872    0.50308    0.72362   0.816893   0.497267  0.0382417
q_f: 4.76381  6.2079 3.67867 3.91645 4.81965  4.3199 3.82957
F_e: -1.00208e-05     -3.87907   -0.0448412      4.79308     -1.18571     -1.09116  -0.00226775
F_f:  -0.37379  -3.83446 -0.502862   5.47515  -1.98564  -1.56945 -0.054146
delta_F:   0.37378 0.0446107  0.458021  0.682067  0.799935   0.47829 0.0518783
q_f: 4.76377 6.20796 3.67864 3.91659  4.8196 4.31989 3.82959
F_e: -1.00219e-05     -3.88047   -0.0448217      4.79354      -1.1858     -1.09105   -0.0022619
F_f:  -0.32997  -3.85473 -0.461346   5.49274  -2.02535  -1.58202  -0.04195
delta_F:   0.32996  0.025738  0.416524  0.699198  0.839551  0.490973 0.0396881
q_f: 4.76375 6.20796 3.67862 3.91659 4.81958 4.31989 3.82959
F_e: -1.00211e-05     -3.88058   -0.0448145      4.79357      -1.1858     -1.09103  -0.00226114
F_f:  -0.358706   -3.88334  -0.462032    5.45131   -2.00348   -1.59237 -0.0423326
delta_F:   0.358696 0.00275987   0.417217   0.657733   0.817683    0.50134  0.0400714
q_f: 4.76375 6.20796 3.67861 3.91659 4.81958 4.31988 3.82959
F_e: -1.00207e-05     -3.88058   -0.0448114      4.79357      -1.1858     -1.09103  -0.00226116
F_f:  -0.369757   -3.88412  -0.442703    5.41596   -2.02201   -1.58567 -0.0430884
delta_F:   0.369747 0.00354438   0.397891   0.622384   0.836209   0.494641  0.0408272
q_f: 4.76375 6.20796 3.67861 3.91659 4.81958 4.31988 3.82959
F_e: -1.00205e-05     -3.88057   -0.0448099      4.79357      -1.1858     -1.09103  -0.00226115
F_f:  -0.337474   -3.87247  -0.400582    5.39822   -2.01219   -1.58293 -0.0366964
delta_F:   0.337464 0.00810259   0.355773   0.604651   0.826391   0.491895  0.0344352
q_f: 4.76375 6.20796  3.6786 3.91659 4.81958 4.31988 3.82959
F_e: -1.00203e-05     -3.88057   -0.0448088      4.79357      -1.1858     -1.09103  -0.00226118
F_f:  -0.350502   -3.88094  -0.450712    5.38063   -1.98261   -1.58384 -0.0579461
delta_F:    0.350492 0.000362532    0.405904    0.587061    0.796806    0.492802   0.0556849
q_f: 4.76375 6.20796  3.6786 3.91659 4.81958 4.31988 3.82959
F_e: -1.00202e-05     -3.88057   -0.0448086      4.79357      -1.1858     -1.09103  -0.00226109
F_f:  -0.360284   -3.89769  -0.405686    5.37651   -2.00323    -1.5805 -0.0384349
delta_F:  0.360274 0.0171224  0.360878  0.582937  0.817426  0.489463 0.0361738
q_f: 4.76375 6.20796  3.6786 3.91659 4.81958 4.31988 3.82959
F_e: -1.00202e-05     -3.88056   -0.0448086      4.79357      -1.1858     -1.09103  -0.00226106
F_f:  -0.360147   -3.87085  -0.418444     5.3626   -2.00178   -1.57902 -0.0405875
delta_F:   0.360137 0.00971188   0.373635   0.569023   0.815977   0.487992  0.0383265
q_f: 4.76375 6.20796  3.6786 3.91659 4.81958 4.31988 3.82959
F_e: -1.00202e-05     -3.88056   -0.0448083      4.79357      -1.1858     -1.09103   -0.0022611
F_f: -0.347912  -3.87125 -0.387121    5.3799  -2.00895  -1.59933 -0.056255
delta_F:   0.347902 0.00930544   0.342312   0.586329   0.823155   0.508299  0.0539939
q_f: 4.76375 6.20796  3.6786 3.91659 4.81958 4.31988 3.82959
F_e: -1.00202e-05     -3.88056   -0.0448081      4.79357      -1.1858     -1.09103  -0.00226108
F_f:  -0.384924   -3.87389  -0.383425    5.34976   -2.01197   -1.59474 -0.0428488
delta_F:  0.384914 0.0066685  0.338617  0.556192  0.826169  0.503708 0.0405878
q_f: 4.76375 6.20796  3.6786 3.91659 4.81958 4.31988 3.82959
F_e: -1.00201e-05     -3.88055    -0.044808      4.79357      -1.1858     -1.09103   -0.0022611
F_f:  -0.363345   -3.87562  -0.359719    5.35167   -2.01117   -1.59627 -0.0640635
delta_F:   0.363335 0.00493148   0.314911   0.558099   0.825376   0.505235  0.0618024
q_f: 4.76375 6.20796  3.6786 3.91659 4.81958 4.31988 3.82959
F_e: -1.00201e-05     -3.88055    -0.044808      4.79357      -1.1858     -1.09103  -0.00226112
F_f:  -0.371832   -3.85221  -0.375386    5.37271   -2.01282   -1.57378 -0.0316243
delta_F:  0.371822 0.0283477  0.330578  0.579141  0.827021  0.482747 0.0293632
q_f: 4.76375 6.20796  3.6786 3.91659 4.81958 4.31988 3.82959
F_e: -1.00201e-05     -3.88056   -0.0448079      4.79357      -1.1858     -1.09103   -0.0022611
F_f:  -0.366574    -3.8785  -0.361174    5.36143   -1.99257    -1.5817 -0.0436049
delta_F:   0.366564 0.00205512   0.316366    0.56786   0.806773   0.490671  0.0413438
q_f: 4.76375 6.20796  3.6786 3.91659 4.81958 4.31988 3.82959
F_e: -1.00201e-05     -3.88056   -0.0448079      4.79357      -1.1858     -1.09103   -0.0022611
F_f:  -0.343468   -3.86927  -0.368485    5.34115   -2.03074   -1.58012 -0.0540191
delta_F:  0.343458 0.0112891  0.323678  0.547579  0.844941  0.489085  0.051758
